   Spectra              Rigidity, GV
               dt           1.08      1.25      1.42      1.61      1.81      2.04      2.27      2.54      2.82      3.13      3.46      3.83      4.22      4.66      5.12      5.63      6.18      6.78      7.42      8.12      8.87      9.68     10.55     11.50     12.50     13.55     14.70     15.95     17.30     18.75     20.30     21.95     23.75     25.70     27.75     29.95     32.30     34.80     37.50     40.40     43.50     46.80     50.35     54.15     58.20
--------------------------- 0-------- 1-------- 2-------- 3-------- 4-------- 5-------- 6-------- 7-------- 8-------- 9--------10--------11--------12--------13--------14--------15--------16--------17--------18--------19--------20--------21--------22--------23--------24--------25--------26--------27--------28--------29--------30--------31--------32--------33--------34--------35--------36--------37--------38--------39--------40--------41--------42--------43--------44---
2011-05-15 00:00:00+00 9.531e+02 9.180e+02 8.543e+02 7.924e+02 7.044e+02 6.179e+02 5.329e+02 4.548e+02 3.846e+02 3.231e+02 2.700e+02 2.238e+02 1.850e+02 1.512e+02 1.230e+02 9.986e+01 8.062e+01 6.539e+01 5.287e+01 4.268e+01 3.425e+01 2.744e+01 2.217e+01 1.771e+01 1.422e+01 1.153e+01 9.250e+00 7.427e+00 5.974e+00 4.834e+00 3.871e+00 3.127e+00 2.522e+00 2.025e+00 1.643e+00 1.327e+00 1.069e+00 8.709e-01 7.091e-01 5.775e-01 4.645e-01 3.844e-01 3.125e-01 2.533e-01 2.110e-01
2011-06-11 00:00:00+00 8.981e+02 8.547e+02 8.042e+02 7.392e+02 6.659e+02 5.835e+02 5.052e+02 4.320e+02 3.669e+02 3.100e+02 2.596e+02 2.157e+02 1.786e+02 1.473e+02 1.201e+02 9.757e+01 7.934e+01 6.429e+01 5.221e+01 4.206e+01 3.380e+01 2.722e+01 2.190e+01 1.756e+01 1.420e+01 1.151e+01 9.255e+00 7.474e+00 5.995e+00 4.817e+00 3.898e+00 3.138e+00 2.525e+00 2.037e+00 1.651e+00 1.333e+00 1.071e+00 8.782e-01 7.121e-01 5.796e-01 4.723e-01 3.896e-01 3.143e-01 2.561e-01 2.109e-01
2011-07-08 00:00:00+00 8.940e+02 8.779e+02 8.279e+02 7.595e+02 6.678e+02 5.925e+02 5.164e+02 4.440e+02 3.765e+02 3.180e+02 2.656e+02 2.215e+02 1.839e+02 1.505e+02 1.225e+02 9.967e+01 8.106e+01 6.550e+01 5.291e+01 4.280e+01 3.448e+01 2.769e+01 2.222e+01 1.785e+01 1.426e+01 1.158e+01 9.328e+00 7.519e+00 6.049e+00 4.836e+00 3.924e+00 3.160e+00 2.538e+00 2.035e+00 1.644e+00 1.330e+00 1.072e+00 8.760e-01 7.061e-01 5.763e-01 4.680e-01 3.822e-01 3.133e-01 2.550e-01 2.094e-01
2011-08-04 00:00:00+00 8.726e+02 8.518e+02 8.062e+02 7.437e+02 6.712e+02 5.906e+02 5.133e+02 4.423e+02 3.756e+02 3.172e+02 2.667e+02 2.223e+02 1.839e+02 1.511e+02 1.229e+02 9.987e+01 8.113e+01 6.557e+01 5.341e+01 4.290e+01 3.455e+01 2.775e+01 2.227e+01 1.787e+01 1.435e+01 1.165e+01 9.381e+00 7.503e+00 6.040e+00 4.864e+00 3.907e+00 3.141e+00 2.543e+00 2.040e+00 1.647e+00 1.330e+00 1.078e+00 8.756e-01 7.093e-01 5.782e-01 4.735e-01 3.873e-01 3.123e-01 2.553e-01 2.088e-01
2011-08-31 00:00:00+00 8.827e+02 8.625e+02 8.132e+02 7.503e+02 6.770e+02 5.974e+02 5.181e+02 4.448e+02 3.811e+02 3.204e+02 2.689e+02 2.238e+02 1.846e+02 1.517e+02 1.241e+02 1.006e+02 8.139e+01 6.598e+01 5.339e+01 4.300e+01 3.464e+01 2.779e+01 2.238e+01 1.790e+01 1.445e+01 1.166e+01 9.407e+00 7.587e+00 6.061e+00 4.888e+00 3.927e+00 3.169e+00 2.556e+00 2.042e+00 1.658e+00 1.334e+00 1.084e+00 8.768e-01 7.075e-01 5.784e-01 4.751e-01 3.818e-01 3.117e-01 2.566e-01 2.082e-01
2011-09-27 00:00:00+00 7.898e+02 7.653e+02 7.343e+02 6.849e+02 6.197e+02 5.500e+02 4.816e+02 4.170e+02 3.567e+02 3.025e+02 2.549e+02 2.131e+02 1.773e+02 1.461e+02 1.190e+02 9.704e+01 7.890e+01 6.381e+01 5.192e+01 4.187e+01 3.376e+01 2.720e+01 2.189e+01 1.766e+01 1.416e+01 1.156e+01 9.203e+00 7.436e+00 5.993e+00 4.836e+00 3.875e+00 3.129e+00 2.518e+00 2.026e+00 1.639e+00 1.322e+00 1.074e+00 8.709e-01 7.053e-01 5.744e-01 4.700e-01 3.825e-01 3.125e-01 2.545e-01 2.082e-01
2011-10-24 00:00:00+00 8.450e+02 8.328e+02 7.942e+02 7.365e+02 6.629e+02 5.878e+02 5.121e+02 4.386e+02 3.737e+02 3.165e+02 2.652e+02 2.209e+02 1.827e+02 1.500e+02 1.224e+02 9.947e+01 8.071e+01 6.540e+01 5.294e+01 4.269e+01 3.431e+01 2.760e+01 2.211e+01 1.774e+01 1.426e+01 1.155e+01 9.338e+00 7.476e+00 6.015e+00 4.833e+00 3.863e+00 3.133e+00 2.521e+00 2.025e+00 1.639e+00 1.330e+00 1.070e+00 8.710e-01 7.049e-01 5.755e-01 4.675e-01 3.812e-01 3.101e-01 2.531e-01 2.085e-01
2011-11-20 00:00:00+00 8.790e+02 8.637e+02 8.193e+02 7.663e+02 6.921e+02 6.127e+02 5.316e+02 4.589e+02 3.904e+02 3.301e+02 2.760e+02 2.291e+02 1.889e+02 1.548e+02 1.262e+02 1.025e+02 8.285e+01 6.712e+01 5.382e+01 4.355e+01 3.512e+01 2.812e+01 2.251e+01 1.808e+01 1.451e+01 1.172e+01 9.458e+00 7.594e+00 6.094e+00 4.914e+00 3.956e+00 3.192e+00 2.556e+00 2.045e+00 1.656e+00 1.336e+00 1.077e+00 8.762e-01 7.147e-01 5.801e-01 4.710e-01 3.824e-01 3.120e-01 2.556e-01 2.075e-01
2011-12-17 00:00:00+00 8.982e+02 8.826e+02 8.357e+02 7.797e+02 7.007e+02 6.166e+02 5.355e+02 4.608e+02 3.913e+02 3.297e+02 2.766e+02 2.290e+02 1.894e+02 1.551e+02 1.265e+02 1.025e+02 8.302e+01 6.721e+01 5.412e+01 4.384e+01 3.505e+01 2.822e+01 2.262e+01 1.811e+01 1.453e+01 1.179e+01 9.463e+00 7.595e+00 6.126e+00 4.904e+00 3.948e+00 3.187e+00 2.554e+00 2.046e+00 1.657e+00 1.341e+00 1.084e+00 8.791e-01 7.159e-01 5.782e-01 4.735e-01 3.873e-01 3.131e-01 2.579e-01 2.078e-01
2012-01-13 00:00:00+00 8.648e+02 8.449e+02 8.036e+02 7.422e+02 6.674e+02 5.910e+02 5.134e+02 4.414e+02 3.764e+02 3.170e+02 2.664e+02 2.215e+02 1.832e+02 1.502e+02 1.226e+02 9.977e+01 8.077e+01 6.541e+01 5.288e+01 4.268e+01 3.423e+01 2.753e+01 2.213e+01 1.782e+01 1.433e+01 1.158e+01 9.339e+00 7.512e+00 6.005e+00 4.852e+00 3.903e+00 3.159e+00 2.542e+00 2.037e+00 1.646e+00 1.340e+00 1.072e+00 8.732e-01 7.115e-01 5.744e-01 4.664e-01 3.822e-01 3.131e-01 2.549e-01 2.084e-01
2012-02-09 00:00:00+00 8.394e+02 8.217e+02 7.813e+02 7.263e+02 6.525e+02 5.791e+02 5.034e+02 4.353e+02 3.705e+02 3.117e+02 2.622e+02 2.189e+02 1.806e+02 1.484e+02 1.212e+02 9.859e+01 7.983e+01 6.493e+01 5.239e+01 4.239e+01 3.411e+01 2.755e+01 2.205e+01 1.770e+01 1.424e+01 1.154e+01 9.336e+00 7.505e+00 6.040e+00 4.853e+00 3.891e+00 3.152e+00 2.519e+00 2.044e+00 1.649e+00 1.331e+00 1.075e+00 8.728e-01 7.092e-01 5.761e-01 4.710e-01 3.832e-01 3.136e-01 2.550e-01 2.078e-01
2012-03-07 00:00:00+00 6.666e+02 6.618e+02 6.383e+02 5.906e+02 5.412e+02 4.836e+02 4.235e+02 3.700e+02 3.177e+02 2.719e+02 2.307e+02 1.938e+02 1.621e+02 1.347e+02 1.109e+02 9.059e+01 7.399e+01 6.046e+01 4.912e+01 3.992e+01 3.238e+01 2.613e+01 2.119e+01 1.708e+01 1.375e+01 1.118e+01 9.047e+00 7.279e+00 5.858e+00 4.724e+00 3.819e+00 3.098e+00 2.494e+00 2.006e+00 1.623e+00 1.314e+00 1.067e+00 8.669e-01 7.081e-01 5.732e-01 4.710e-01 3.813e-01 3.117e-01 2.554e-01 2.089e-01
2012-04-03 00:00:00+00 7.456e+02 7.391e+02 7.150e+02 6.731e+02 6.123e+02 5.487e+02 4.831e+02 4.200e+02 3.603e+02 3.067e+02 2.583e+02 2.166e+02 1.799e+02 1.487e+02 1.217e+02 9.868e+01 8.033e+01 6.532e+01 5.290e+01 4.268e+01 3.434e+01 2.772e+01 2.227e+01 1.784e+01 1.438e+01 1.160e+01 9.359e+00 7.561e+00 6.032e+00 4.857e+00 3.910e+00 3.174e+00 2.541e+00 2.041e+00 1.644e+00 1.334e+00 1.078e+00 8.744e-01 7.135e-01 5.788e-01 4.690e-01 3.845e-01 3.124e-01 2.552e-01 2.092e-01
2012-04-30 00:00:00+00 7.919e+02 7.772e+02 7.493e+02 7.013e+02 6.388e+02 5.711e+02 5.001e+02 4.325e+02 3.705e+02 3.139e+02 2.645e+02 2.213e+02 1.836e+02 1.511e+02 1.239e+02 1.001e+02 8.156e+01 6.605e+01 5.323e+01 4.301e+01 3.460e+01 2.778e+01 2.236e+01 1.791e+01 1.443e+01 1.164e+01 9.381e+00 7.524e+00 6.028e+00 4.832e+00 3.909e+00 3.163e+00 2.547e+00 2.030e+00 1.644e+00 1.333e+00 1.078e+00 8.759e-01 7.134e-01 5.789e-01 4.690e-01 3.807e-01 3.123e-01 2.542e-01 2.075e-01
2012-05-27 00:00:00+00 7.404e+02 7.265e+02 6.965e+02 6.544e+02 5.945e+02 5.315e+02 4.680e+02 4.070e+02 3.511e+02 2.977e+02 2.518e+02 2.110e+02 1.757e+02 1.450e+02 1.188e+02 9.686e+01 7.894e+01 6.405e+01 5.188e+01 4.199e+01 3.386e+01 2.726e+01 2.191e+01 1.760e+01 1.419e+01 1.150e+01 9.273e+00 7.460e+00 6.000e+00 4.822e+00 3.882e+00 3.134e+00 2.519e+00 2.030e+00 1.640e+00 1.322e+00 1.076e+00 8.695e-01 7.132e-01 5.787e-01 4.694e-01 3.830e-01 3.121e-01 2.541e-01 2.096e-01
2012-06-23 00:00:00+00 6.951e+02 6.977e+02 6.725e+02 6.341e+02 5.778e+02 5.193e+02 4.543e+02 3.955e+02 3.397e+02 2.911e+02 2.456e+02 2.055e+02 1.712e+02 1.419e+02 1.164e+02 9.490e+01 7.739e+01 6.285e+01 5.091e+01 4.135e+01 3.341e+01 2.687e+01 2.160e+01 1.741e+01 1.397e+01 1.134e+01 9.143e+00 7.381e+00 5.946e+00 4.783e+00 3.846e+00 3.116e+00 2.504e+00 2.018e+00 1.627e+00 1.323e+00 1.076e+00 8.708e-01 7.088e-01 5.728e-01 4.653e-01 3.800e-01 3.140e-01 2.528e-01 2.097e-01
2012-07-20 00:00:00+00 6.007e+02 5.950e+02 5.763e+02 5.401e+02 4.934e+02 4.446e+02 3.956e+02 3.473e+02 3.011e+02 2.593e+02 2.213e+02 1.868e+02 1.576e+02 1.309e+02 1.081e+02 8.914e+01 7.304e+01 5.972e+01 4.873e+01 3.969e+01 3.227e+01 2.603e+01 2.111e+01 1.699e+01 1.375e+01 1.114e+01 9.029e+00 7.286e+00 5.881e+00 4.730e+00 3.834e+00 3.094e+00 2.490e+00 2.009e+00 1.619e+00 1.302e+00 1.065e+00 8.692e-01 7.020e-01 5.769e-01 4.680e-01 3.814e-01 3.135e-01 2.571e-01 2.077e-01
2012-08-16 00:00:00+00 5.662e+02 5.673e+02 5.545e+02 5.313e+02 4.909e+02 4.487e+02 4.009e+02 3.535e+02 3.080e+02 2.664e+02 2.273e+02 1.930e+02 1.625e+02 1.359e+02 1.122e+02 9.214e+01 7.556e+01 6.177e+01 5.035e+01 4.088e+01 3.312e+01 2.681e+01 2.165e+01 1.738e+01 1.404e+01 1.139e+01 9.221e+00 7.437e+00 5.965e+00 4.818e+00 3.875e+00 3.125e+00 2.518e+00 2.032e+00 1.642e+00 1.319e+00 1.073e+00 8.716e-01 7.116e-01 5.778e-01 4.709e-01 3.826e-01 3.118e-01 2.544e-01 2.103e-01
2012-09-12 00:00:00+00 5.955e+02 6.003e+02 5.888e+02 5.626e+02 5.223e+02 4.746e+02 4.245e+02 3.730e+02 3.248e+02 2.803e+02 2.402e+02 2.025e+02 1.701e+02 1.414e+02 1.162e+02 9.533e+01 7.804e+01 6.362e+01 5.184e+01 4.187e+01 3.377e+01 2.720e+01 2.197e+01 1.763e+01 1.422e+01 1.150e+01 9.296e+00 7.471e+00 6.027e+00 4.832e+00 3.877e+00 3.134e+00 2.517e+00 2.029e+00 1.640e+00 1.320e+00 1.072e+00 8.735e-01 7.118e-01 5.787e-01 4.672e-01 3.822e-01 3.125e-01 2.569e-01 2.103e-01
2012-10-09 00:00:00+00 5.537e+02 5.604e+02 5.571e+02 5.292e+02 4.933e+02 4.516e+02 4.044e+02 3.582e+02 3.139e+02 2.709e+02 2.323e+02 1.965e+02 1.654e+02 1.381e+02 1.139e+02 9.330e+01 7.675e+01 6.259e+01 5.073e+01 4.128e+01 3.342e+01 2.703e+01 2.183e+01 1.748e+01 1.410e+01 1.142e+01 9.211e+00 7.443e+00 5.998e+00 4.807e+00 3.858e+00 3.131e+00 2.523e+00 2.017e+00 1.642e+00 1.321e+00 1.072e+00 8.692e-01 7.101e-01 5.754e-01 4.707e-01 3.827e-01 3.113e-01 2.550e-01 2.057e-01
2012-11-05 00:00:00+00 5.585e+02 5.673e+02 5.592e+02 5.393e+02 5.037e+02 4.601e+02 4.119e+02 3.656e+02 3.192e+02 2.751e+02 2.353e+02 1.991e+02 1.671e+02 1.393e+02 1.148e+02 9.442e+01 7.707e+01 6.288e+01 5.116e+01 4.150e+01 3.358e+01 2.709e+01 2.184e+01 1.750e+01 1.413e+01 1.146e+01 9.223e+00 7.458e+00 5.984e+00 4.817e+00 3.882e+00 3.144e+00 2.516e+00 2.027e+00 1.645e+00 1.329e+00 1.081e+00 8.726e-01 7.080e-01 5.774e-01 4.719e-01 3.811e-01 3.138e-01 2.564e-01 2.099e-01
2012-12-02 00:00:00+00 5.549e+02 5.715e+02 5.686e+02 5.511e+02 5.169e+02 4.726e+02 4.239e+02 3.759e+02 3.275e+02 2.830e+02 2.413e+02 2.044e+02 1.712e+02 1.423e+02 1.173e+02 9.593e+01 7.868e+01 6.399e+01 5.186e+01 4.210e+01 3.400e+01 2.735e+01 2.213e+01 1.773e+01 1.427e+01 1.156e+01 9.315e+00 7.466e+00 6.010e+00 4.837e+00 3.898e+00 3.143e+00 2.533e+00 2.042e+00 1.638e+00 1.328e+00 1.072e+00 8.738e-01 7.081e-01 5.762e-01 4.705e-01 3.839e-01 3.143e-01 2.526e-01 2.069e-01
2012-12-29 00:00:00+00 5.899e+02 6.074e+02 6.058e+02 5.837e+02 5.447e+02 4.981e+02 4.443e+02 3.900e+02 3.409e+02 2.936e+02 2.492e+02 2.110e+02 1.763e+02 1.466e+02 1.201e+02 9.809e+01 8.019e+01 6.517e+01 5.273e+01 4.270e+01 3.442e+01 2.782e+01 2.236e+01 1.785e+01 1.441e+01 1.163e+01 9.412e+00 7.523e+00 6.064e+00 4.856e+00 3.919e+00 3.167e+00 2.530e+00 2.042e+00 1.649e+00 1.335e+00 1.080e+00 8.773e-01 7.078e-01 5.754e-01 4.676e-01 3.826e-01 3.121e-01 2.548e-01 2.080e-01
2013-01-25 00:00:00+00 6.245e+02 6.324e+02 6.289e+02 6.009e+02 5.599e+02 5.099e+02 4.559e+02 4.009e+02 3.483e+02 2.985e+02 2.536e+02 2.139e+02 1.789e+02 1.479e+02 1.212e+02 9.915e+01 8.058e+01 6.543e+01 5.284e+01 4.279e+01 3.450e+01 2.772e+01 2.222e+01 1.780e+01 1.442e+01 1.163e+01 9.348e+00 7.515e+00 6.024e+00 4.848e+00 3.890e+00 3.152e+00 2.533e+00 2.038e+00 1.650e+00 1.338e+00 1.077e+00 8.783e-01 7.095e-01 5.784e-01 4.727e-01 3.824e-01 3.114e-01 2.541e-01 2.071e-01
2013-02-21 00:00:00+00 6.273e+02 6.384e+02 6.325e+02 6.039e+02 5.606e+02 5.085e+02 4.504e+02 3.964e+02 3.433e+02 2.935e+02 2.505e+02 2.100e+02 1.746e+02 1.446e+02 1.184e+02 9.711e+01 7.885e+01 6.426e+01 5.210e+01 4.210e+01 3.390e+01 2.733e+01 2.197e+01 1.762e+01 1.423e+01 1.150e+01 9.284e+00 7.432e+00 5.990e+00 4.836e+00 3.880e+00 3.144e+00 2.533e+00 2.027e+00 1.630e+00 1.328e+00 1.077e+00 8.738e-01 7.080e-01 5.778e-01 4.714e-01 3.836e-01 3.124e-01 2.547e-01 2.080e-01
2013-03-20 00:00:00+00 5.836e+02 5.957e+02 5.881e+02 5.646e+02 5.255e+02 4.789e+02 4.270e+02 3.761e+02 3.278e+02 2.813e+02 2.399e+02 2.027e+02 1.693e+02 1.405e+02 1.161e+02 9.512e+01 7.767e+01 6.317e+01 5.129e+01 4.160e+01 3.360e+01 2.709e+01 2.178e+01 1.746e+01 1.409e+01 1.139e+01 9.238e+00 7.429e+00 5.948e+00 4.802e+00 3.852e+00 3.127e+00 2.516e+00 2.023e+00 1.629e+00 1.321e+00 1.069e+00 8.720e-01 7.061e-01 5.775e-01 4.682e-01 3.805e-01 3.106e-01 2.545e-01 2.071e-01
2013-04-16 00:00:00+00 5.765e+02 5.965e+02 5.859e+02 5.659e+02 5.253e+02 4.796e+02 4.269e+02 3.752e+02 3.262e+02 2.810e+02 2.388e+02 2.019e+02 1.689e+02 1.402e+02 1.160e+02 9.460e+01 7.733e+01 6.287e+01 5.081e+01 4.140e+01 3.338e+01 2.693e+01 2.169e+01 1.743e+01 1.410e+01 1.137e+01 9.192e+00 7.403e+00 5.945e+00 4.808e+00 3.851e+00 3.113e+00 2.522e+00 2.012e+00 1.631e+00 1.328e+00 1.069e+00 8.695e-01 7.060e-01 5.736e-01 4.693e-01 3.817e-01 3.129e-01 2.539e-01 2.077e-01
2013-05-13 00:00:00+00 4.936e+02 4.968e+02 4.878e+02 4.713e+02 4.421e+02 4.027e+02 3.604e+02 3.207e+02 2.813e+02 2.449e+02 2.107e+02 1.789e+02 1.511e+02 1.263e+02 1.049e+02 8.648e+01 7.137e+01 5.835e+01 4.775e+01 3.906e+01 3.178e+01 2.576e+01 2.088e+01 1.680e+01 1.366e+01 1.109e+01 8.965e+00 7.282e+00 5.844e+00 4.729e+00 3.821e+00 3.099e+00 2.502e+00 2.012e+00 1.621e+00 1.321e+00 1.069e+00 8.717e-01 7.074e-01 5.733e-01 4.696e-01 3.823e-01 3.131e-01 2.526e-01 2.072e-01
2013-06-09 00:00:00+00 4.599e+02 4.751e+02 4.759e+02 4.595e+02 4.342e+02 3.994e+02 3.620e+02 3.234e+02 2.861e+02 2.488e+02 2.151e+02 1.833e+02 1.552e+02 1.305e+02 1.081e+02 8.921e+01 7.347e+01 6.034e+01 4.909e+01 4.005e+01 3.251e+01 2.632e+01 2.134e+01 1.714e+01 1.384e+01 1.125e+01 9.121e+00 7.344e+00 5.906e+00 4.772e+00 3.838e+00 3.124e+00 2.503e+00 2.010e+00 1.633e+00 1.315e+00 1.070e+00 8.680e-01 7.047e-01 5.738e-01 4.706e-01 3.824e-01 3.120e-01 2.537e-01 2.084e-01
2013-07-06 00:00:00+00 4.573e+02 4.686e+02 4.738e+02 4.609e+02 4.364e+02 4.044e+02 3.662e+02 3.274e+02 2.899e+02 2.520e+02 2.177e+02 1.859e+02 1.578e+02 1.323e+02 1.100e+02 9.067e+01 7.439e+01 6.117e+01 4.977e+01 4.045e+01 3.292e+01 2.662e+01 2.143e+01 1.731e+01 1.398e+01 1.133e+01 9.132e+00 7.369e+00 5.897e+00 4.758e+00 3.845e+00 3.118e+00 2.501e+00 2.011e+00 1.628e+00 1.312e+00 1.069e+00 8.705e-01 7.055e-01 5.744e-01 4.689e-01 3.809e-01 3.101e-01 2.536e-01 2.071e-01
2013-08-02 00:00:00+00 4.510e+02 4.694e+02 4.690e+02 4.593e+02 4.355e+02 4.063e+02 3.682e+02 3.305e+02 2.914e+02 2.542e+02 2.197e+02 1.876e+02 1.590e+02 1.334e+02 1.108e+02 9.116e+01 7.505e+01 6.140e+01 5.012e+01 4.081e+01 3.312e+01 2.673e+01 2.159e+01 1.742e+01 1.410e+01 1.144e+01 9.189e+00 7.446e+00 5.987e+00 4.833e+00 3.900e+00 3.122e+00 2.527e+00 2.035e+00 1.632e+00 1.327e+00 1.073e+00 8.694e-01 7.083e-01 5.721e-01 4.699e-01 3.821e-01 3.130e-01 2.556e-01 2.097e-01
2013-08-29 00:00:00+00 4.125e+02 4.376e+02 4.386e+02 4.345e+02 4.124e+02 3.861e+02 3.543e+02 3.194e+02 2.827e+02 2.487e+02 2.157e+02 1.847e+02 1.571e+02 1.323e+02 1.104e+02 9.116e+01 7.515e+01 6.173e+01 5.043e+01 4.098e+01 3.328e+01 2.701e+01 2.185e+01 1.757e+01 1.413e+01 1.146e+01 9.268e+00 7.456e+00 6.014e+00 4.852e+00 3.904e+00 3.143e+00 2.534e+00 2.042e+00 1.651e+00 1.337e+00 1.077e+00 8.763e-01 7.115e-01 5.775e-01 4.721e-01 3.821e-01 3.158e-01 2.553e-01 2.091e-01
2013-09-25 00:00:00+00 4.227e+02 4.394e+02 4.483e+02 4.451e+02 4.262e+02 3.978e+02 3.654e+02 3.311e+02 2.945e+02 2.581e+02 2.241e+02 1.916e+02 1.633e+02 1.375e+02 1.141e+02 9.413e+01 7.748e+01 6.345e+01 5.173e+01 4.204e+01 3.405e+01 2.751e+01 2.219e+01 1.781e+01 1.434e+01 1.163e+01 9.376e+00 7.538e+00 6.045e+00 4.885e+00 3.932e+00 3.162e+00 2.554e+00 2.045e+00 1.654e+00 1.337e+00 1.082e+00 8.749e-01 7.132e-01 5.757e-01 4.722e-01 3.874e-01 3.094e-01 2.532e-01 2.088e-01
2013-10-22 00:00:00+00 4.149e+02 4.362e+02 4.431e+02 4.407e+02 4.247e+02 3.980e+02 3.669e+02 3.305e+02 2.947e+02 2.591e+02 2.243e+02 1.921e+02 1.634e+02 1.364e+02 1.134e+02 9.375e+01 7.708e+01 6.290e+01 5.125e+01 4.171e+01 3.378e+01 2.725e+01 2.197e+01 1.768e+01 1.429e+01 1.157e+01 9.351e+00 7.506e+00 6.026e+00 4.848e+00 3.922e+00 3.171e+00 2.546e+00 2.044e+00 1.657e+00 1.324e+00 1.075e+00 8.785e-01 7.126e-01 5.826e-01 4.730e-01 3.820e-01 3.102e-01 2.562e-01 2.107e-01
2013-11-18 00:00:00+00 3.950e+02 4.199e+02 4.338e+02 4.322e+02 4.150e+02 3.911e+02 3.588e+02 3.255e+02 2.900e+02 2.547e+02 2.205e+02 1.894e+02 1.607e+02 1.349e+02 1.123e+02 9.260e+01 7.604e+01 6.248e+01 5.094e+01 4.130e+01 3.349e+01 2.711e+01 2.190e+01 1.751e+01 1.417e+01 1.153e+01 9.280e+00 7.436e+00 6.008e+00 4.828e+00 3.890e+00 3.146e+00 2.527e+00 2.026e+00 1.647e+00 1.330e+00 1.076e+00 8.766e-01 7.064e-01 5.751e-01 4.697e-01 3.777e-01 3.129e-01 2.581e-01 2.082e-01
2013-12-15 00:00:00+00 3.860e+02 4.109e+02 4.247e+02 4.253e+02 4.102e+02 3.869e+02 3.565e+02 3.230e+02 2.888e+02 2.538e+02 2.208e+02 1.887e+02 1.607e+02 1.354e+02 1.121e+02 9.243e+01 7.593e+01 6.222e+01 5.065e+01 4.121e+01 3.335e+01 2.699e+01 2.171e+01 1.756e+01 1.413e+01 1.144e+01 9.244e+00 7.431e+00 5.995e+00 4.809e+00 3.897e+00 3.127e+00 2.508e+00 2.019e+00 1.635e+00 1.327e+00 1.070e+00 8.651e-01 7.029e-01 5.752e-01 4.676e-01 3.786e-01 3.121e-01 2.551e-01 2.062e-01
2014-01-11 00:00:00+00 3.854e+02 4.153e+02 4.334e+02 4.332e+02 4.197e+02 3.951e+02 3.634e+02 3.290e+02 2.922e+02 2.580e+02 2.230e+02 1.910e+02 1.611e+02 1.354e+02 1.125e+02 9.263e+01 7.600e+01 6.221e+01 5.061e+01 4.116e+01 3.341e+01 2.693e+01 2.173e+01 1.743e+01 1.405e+01 1.143e+01 9.179e+00 7.389e+00 5.946e+00 4.783e+00 3.844e+00 3.117e+00 2.499e+00 2.008e+00 1.632e+00 1.316e+00 1.062e+00 8.701e-01 7.043e-01 5.710e-01 4.657e-01 3.824e-01 3.109e-01 2.534e-01 2.080e-01
2014-02-07 00:00:00+00 3.911e+02 4.021e+02 4.064e+02 4.045e+02 3.882e+02 3.642e+02 3.353e+02 3.029e+02 2.700e+02 2.374e+02 2.062e+02 1.770e+02 1.503e+02 1.263e+02 1.054e+02 8.742e+01 7.180e+01 5.899e+01 4.831e+01 3.932e+01 3.197e+01 2.600e+01 2.105e+01 1.701e+01 1.371e+01 1.115e+01 9.014e+00 7.268e+00 5.884e+00 4.731e+00 3.828e+00 3.092e+00 2.483e+00 1.995e+00 1.618e+00 1.309e+00 1.064e+00 8.664e-01 7.067e-01 5.708e-01 4.617e-01 3.775e-01 3.108e-01 2.533e-01 2.070e-01
2014-03-06 00:00:00+00 3.697e+02 3.931e+02 4.096e+02 4.117e+02 3.977e+02 3.765e+02 3.470e+02 3.141e+02 2.794e+02 2.465e+02 2.135e+02 1.832e+02 1.560e+02 1.315e+02 1.092e+02 9.042e+01 7.444e+01 6.101e+01 4.992e+01 4.066e+01 3.304e+01 2.665e+01 2.165e+01 1.735e+01 1.400e+01 1.141e+01 9.191e+00 7.434e+00 5.950e+00 4.799e+00 3.866e+00 3.129e+00 2.530e+00 2.023e+00 1.627e+00 1.319e+00 1.073e+00 8.717e-01 7.051e-01 5.746e-01 4.703e-01 3.803e-01 3.118e-01 2.510e-01 2.076e-01
2014-04-02 00:00:00+00 3.813e+02 4.081e+02 4.233e+02 4.222e+02 4.073e+02 3.825e+02 3.521e+02 3.179e+02 2.830e+02 2.485e+02 2.158e+02 1.843e+02 1.569e+02 1.314e+02 1.096e+02 9.045e+01 7.456e+01 6.095e+01 4.983e+01 4.040e+01 3.285e+01 2.658e+01 2.150e+01 1.730e+01 1.400e+01 1.133e+01 9.152e+00 7.350e+00 5.945e+00 4.764e+00 3.858e+00 3.106e+00 2.508e+00 2.016e+00 1.631e+00 1.315e+00 1.072e+00 8.679e-01 7.046e-01 5.778e-01 4.675e-01 3.816e-01 3.071e-01 2.537e-01 2.059e-01
2014-04-29 00:00:00+00 4.166e+02 4.401e+02 4.566e+02 4.535e+02 4.367e+02 4.105e+02 3.750e+02 3.391e+02 3.016e+02 2.628e+02 2.271e+02 1.939e+02 1.642e+02 1.378e+02 1.140e+02 9.391e+01 7.721e+01 6.300e+01 5.128e+01 4.154e+01 3.370e+01 2.726e+01 2.192e+01 1.762e+01 1.416e+01 1.149e+01 9.275e+00 7.451e+00 5.990e+00 4.823e+00 3.871e+00 3.121e+00 2.515e+00 2.022e+00 1.640e+00 1.321e+00 1.071e+00 8.698e-01 7.059e-01 5.766e-01 4.664e-01 3.819e-01 3.107e-01 2.529e-01 2.059e-01
2014-05-26 00:00:00+00 4.071e+02 4.395e+02 4.522e+02 4.487e+02 4.329e+02 4.029e+02 3.686e+02 3.315e+02 2.938e+02 2.575e+02 2.219e+02 1.894e+02 1.611e+02 1.350e+02 1.116e+02 9.172e+01 7.562e+01 6.177e+01 5.032e+01 4.089e+01 3.306e+01 2.669e+01 2.155e+01 1.734e+01 1.402e+01 1.137e+01 9.171e+00 7.390e+00 5.946e+00 4.770e+00 3.840e+00 3.101e+00 2.507e+00 2.005e+00 1.633e+00 1.315e+00 1.067e+00 8.676e-01 7.028e-01 5.726e-01 4.662e-01 3.794e-01 3.097e-01 2.536e-01 2.060e-01
2014-06-22 00:00:00+00 3.952e+02 4.239e+02 4.363e+02 4.332e+02 4.168e+02 3.888e+02 3.547e+02 3.210e+02 2.863e+02 2.497e+02 2.165e+02 1.854e+02 1.569e+02 1.317e+02 1.095e+02 9.036e+01 7.452e+01 6.112e+01 4.963e+01 4.052e+01 3.285e+01 2.657e+01 2.144e+01 1.724e+01 1.394e+01 1.133e+01 9.131e+00 7.383e+00 5.959e+00 4.774e+00 3.854e+00 3.109e+00 2.507e+00 2.013e+00 1.627e+00 1.314e+00 1.073e+00 8.660e-01 7.072e-01 5.691e-01 4.656e-01 3.813e-01 3.127e-01 2.554e-01 2.074e-01
2014-07-19 00:00:00+00 4.365e+02 4.636e+02 4.792e+02 4.706e+02 4.525e+02 4.232e+02 3.858e+02 3.458e+02 3.057e+02 2.671e+02 2.303e+02 1.962e+02 1.654e+02 1.388e+02 1.148e+02 9.441e+01 7.731e+01 6.319e+01 5.139e+01 4.168e+01 3.374e+01 2.731e+01 2.196e+01 1.763e+01 1.422e+01 1.150e+01 9.262e+00 7.438e+00 5.969e+00 4.801e+00 3.855e+00 3.123e+00 2.513e+00 2.014e+00 1.623e+00 1.312e+00 1.067e+00 8.650e-01 7.005e-01 5.719e-01 4.638e-01 3.761e-01 3.072e-01 2.514e-01 2.062e-01
2014-08-15 00:00:00+00 5.328e+02 5.393e+02 5.307e+02 5.169e+02 4.895e+02 4.529e+02 4.092e+02 3.651e+02 3.209e+02 2.769e+02 2.378e+02 2.017e+02 1.699e+02 1.415e+02 1.166e+02 9.565e+01 7.816e+01 6.369e+01 5.170e+01 4.180e+01 3.379e+01 2.719e+01 2.191e+01 1.751e+01 1.415e+01 1.141e+01 9.180e+00 7.393e+00 5.967e+00 4.772e+00 3.870e+00 3.103e+00 2.505e+00 2.010e+00 1.618e+00 1.314e+00 1.060e+00 8.636e-01 7.039e-01 5.687e-01 4.656e-01 3.813e-01 3.094e-01 2.521e-01 2.082e-01
2014-09-11 00:00:00+00 4.987e+02 5.130e+02 5.249e+02 5.139e+02 4.865e+02 4.513e+02 4.086e+02 3.625e+02 3.175e+02 2.746e+02 2.357e+02 1.997e+02 1.673e+02 1.391e+02 1.142e+02 9.423e+01 7.655e+01 6.221e+01 5.043e+01 4.088e+01 3.294e+01 2.653e+01 2.152e+01 1.725e+01 1.381e+01 1.125e+01 9.043e+00 7.267e+00 5.861e+00 4.717e+00 3.788e+00 3.072e+00 2.487e+00 2.000e+00 1.599e+00 1.299e+00 1.056e+00 8.555e-01 7.005e-01 5.686e-01 4.676e-01 3.746e-01 3.069e-01 2.539e-01 2.046e-01
2014-12-01 00:00:00+00 5.418e+02 5.584e+02 5.542e+02 5.303e+02 4.964e+02 4.514e+02 4.027e+02 3.534e+02 3.074e+02 2.646e+02 2.253e+02 1.897e+02 1.593e+02 1.325e+02 1.088e+02 8.931e+01 7.314e+01 5.952e+01 4.834e+01 3.934e+01 3.171e+01 2.565e+01 2.066e+01 1.666e+01 1.352e+01 1.094e+01 8.801e+00 7.139e+00 5.729e+00 4.621e+00 3.729e+00 3.039e+00 2.424e+00 1.964e+00 1.583e+00 1.286e+00 1.040e+00 8.439e-01 6.915e-01 5.628e-01 4.614e-01 3.737e-01 3.053e-01 2.488e-01 2.038e-01
2014-12-28 00:00:00+00 5.304e+02 5.478e+02 5.402e+02 5.177e+02 4.841e+02 4.408e+02 3.968e+02 3.504e+02 3.051e+02 2.643e+02 2.245e+02 1.911e+02 1.603e+02 1.337e+02 1.104e+02 9.070e+01 7.420e+01 6.061e+01 4.933e+01 3.992e+01 3.239e+01 2.618e+01 2.108e+01 1.695e+01 1.366e+01 1.109e+01 8.923e+00 7.194e+00 5.792e+00 4.659e+00 3.771e+00 3.028e+00 2.449e+00 1.969e+00 1.597e+00 1.284e+00 1.048e+00 8.480e-01 6.898e-01 5.619e-01 4.612e-01 3.720e-01 3.076e-01 2.500e-01 2.046e-01
2015-01-24 00:00:00+00 5.335e+02 5.442e+02 5.394e+02 5.195e+02 4.863e+02 4.428e+02 3.958e+02 3.514e+02 3.064e+02 2.641e+02 2.264e+02 1.920e+02 1.610e+02 1.338e+02 1.105e+02 9.087e+01 7.427e+01 6.066e+01 4.926e+01 3.999e+01 3.235e+01 2.611e+01 2.106e+01 1.696e+01 1.371e+01 1.113e+01 8.994e+00 7.197e+00 5.813e+00 4.673e+00 3.782e+00 3.056e+00 2.463e+00 1.976e+00 1.609e+00 1.297e+00 1.052e+00 8.582e-01 6.971e-01 5.615e-01 4.573e-01 3.749e-01 3.090e-01 2.516e-01 2.072e-01
2015-02-20 00:00:00+00 4.992e+02 5.108e+02 5.065e+02 4.898e+02 4.596e+02 4.204e+02 3.792e+02 3.373e+02 2.944e+02 2.561e+02 2.192e+02 1.861e+02 1.568e+02 1.309e+02 1.083e+02 8.908e+01 7.279e+01 5.960e+01 4.846e+01 3.942e+01 3.200e+01 2.593e+01 2.088e+01 1.679e+01 1.364e+01 1.106e+01 8.896e+00 7.213e+00 5.784e+00 4.677e+00 3.774e+00 3.066e+00 2.466e+00 1.973e+00 1.613e+00 1.296e+00 1.056e+00 8.584e-01 6.963e-01 5.657e-01 4.615e-01 3.773e-01 3.100e-01 2.526e-01 2.071e-01
2015-03-19 00:00:00+00 4.487e+02 4.600e+02 4.566e+02 4.450e+02 4.201e+02 3.868e+02 3.485e+02 3.109e+02 2.738e+02 2.391e+02 2.060e+02 1.760e+02 1.487e+02 1.250e+02 1.037e+02 8.559e+01 7.068e+01 5.798e+01 4.750e+01 3.865e+01 3.144e+01 2.550e+01 2.067e+01 1.663e+01 1.348e+01 1.096e+01 8.859e+00 7.177e+00 5.755e+00 4.637e+00 3.755e+00 3.037e+00 2.447e+00 1.973e+00 1.594e+00 1.292e+00 1.050e+00 8.516e-01 6.881e-01 5.605e-01 4.637e-01 3.761e-01 3.063e-01 2.515e-01 2.059e-01
2015-04-15 00:00:00+00 4.417e+02 4.544e+02 4.610e+02 4.485e+02 4.253e+02 3.967e+02 3.594e+02 3.231e+02 2.849e+02 2.481e+02 2.148e+02 1.834e+02 1.555e+02 1.302e+02 1.082e+02 8.921e+01 7.291e+01 5.995e+01 4.893e+01 3.987e+01 3.229e+01 2.616e+01 2.115e+01 1.701e+01 1.371e+01 1.113e+01 9.024e+00 7.280e+00 5.848e+00 4.732e+00 3.808e+00 3.070e+00 2.476e+00 1.986e+00 1.617e+00 1.301e+00 1.056e+00 8.590e-01 6.984e-01 5.654e-01 4.634e-01 3.798e-01 3.100e-01 2.532e-01 2.047e-01
2015-05-12 00:00:00+00 4.878e+02 5.102e+02 5.195e+02 5.038e+02 4.821e+02 4.450e+02 4.027e+02 3.586e+02 3.146e+02 2.723e+02 2.334e+02 1.991e+02 1.668e+02 1.393e+02 1.147e+02 9.414e+01 7.680e+01 6.265e+01 5.097e+01 4.123e+01 3.328e+01 2.686e+01 2.168e+01 1.742e+01 1.402e+01 1.133e+01 9.115e+00 7.383e+00 5.884e+00 4.748e+00 3.826e+00 3.094e+00 2.485e+00 1.988e+00 1.622e+00 1.307e+00 1.062e+00 8.603e-01 6.999e-01 5.687e-01 4.591e-01 3.757e-01 3.069e-01 2.528e-01 2.065e-01
2015-06-08 00:00:00+00 5.125e+02 5.366e+02 5.332e+02 5.170e+02 4.863e+02 4.456e+02 4.009e+02 3.563e+02 3.107e+02 2.688e+02 2.302e+02 1.936e+02 1.636e+02 1.358e+02 1.118e+02 9.172e+01 7.478e+01 6.105e+01 4.940e+01 4.009e+01 3.251e+01 2.619e+01 2.110e+01 1.695e+01 1.364e+01 1.108e+01 8.965e+00 7.168e+00 5.806e+00 4.674e+00 3.780e+00 3.043e+00 2.466e+00 1.979e+00 1.599e+00 1.296e+00 1.054e+00 8.561e-01 6.941e-01 5.668e-01 4.595e-01 3.786e-01 3.071e-01 2.525e-01 2.077e-01
2015-07-05 00:00:00+00 5.650e+02 5.791e+02 5.759e+02 5.557e+02 5.200e+02 4.740e+02 4.249e+02 3.752e+02 3.257e+02 2.809e+02 2.400e+02 2.025e+02 1.702e+02 1.414e+02 1.161e+02 9.466e+01 7.730e+01 6.289e+01 5.098e+01 4.134e+01 3.330e+01 2.687e+01 2.151e+01 1.736e+01 1.396e+01 1.131e+01 9.114e+00 7.348e+00 5.906e+00 4.729e+00 3.822e+00 3.080e+00 2.490e+00 2.003e+00 1.612e+00 1.310e+00 1.057e+00 8.619e-01 7.045e-01 5.687e-01 4.618e-01 3.762e-01 3.112e-01 2.545e-01 2.083e-01
2015-08-01 00:00:00+00 5.853e+02 6.042e+02 6.006e+02 5.775e+02 5.387e+02 4.887e+02 4.380e+02 3.862e+02 3.366e+02 2.899e+02 2.467e+02 2.078e+02 1.734e+02 1.437e+02 1.180e+02 9.615e+01 7.835e+01 6.350e+01 5.145e+01 4.147e+01 3.341e+01 2.683e+01 2.160e+01 1.729e+01 1.386e+01 1.128e+01 9.106e+00 7.295e+00 5.861e+00 4.713e+00 3.789e+00 3.074e+00 2.466e+00 1.981e+00 1.607e+00 1.299e+00 1.052e+00 8.562e-01 6.957e-01 5.618e-01 4.603e-01 3.757e-01 3.058e-01 2.519e-01 2.043e-01
2015-08-28 00:00:00+00 5.954e+02 6.147e+02 6.122e+02 5.837e+02 5.420e+02 4.931e+02 4.406e+02 3.867e+02 3.361e+02 2.885e+02 2.457e+02 2.070e+02 1.723e+02 1.427e+02 1.169e+02 9.528e+01 7.761e+01 6.287e+01 5.095e+01 4.103e+01 3.312e+01 2.672e+01 2.149e+01 1.724e+01 1.390e+01 1.123e+01 9.040e+00 7.276e+00 5.859e+00 4.725e+00 3.806e+00 3.067e+00 2.471e+00 1.980e+00 1.605e+00 1.296e+00 1.049e+00 8.571e-01 6.958e-01 5.686e-01 4.624e-01 3.752e-01 3.057e-01 2.523e-01 2.045e-01
2015-09-24 00:00:00+00 6.186e+02 6.313e+02 6.223e+02 6.000e+02 5.578e+02 5.042e+02 4.493e+02 3.944e+02 3.407e+02 2.927e+02 2.479e+02 2.081e+02 1.736e+02 1.438e+02 1.174e+02 9.560e+01 7.773e+01 6.299e+01 5.100e+01 4.111e+01 3.325e+01 2.682e+01 2.150e+01 1.723e+01 1.384e+01 1.127e+01 9.050e+00 7.281e+00 5.840e+00 4.713e+00 3.801e+00 3.062e+00 2.476e+00 1.986e+00 1.608e+00 1.296e+00 1.055e+00 8.582e-01 6.956e-01 5.676e-01 4.583e-01 3.763e-01 3.077e-01 2.513e-01 2.023e-01
2015-10-21 00:00:00+00 6.466e+02 6.539e+02 6.407e+02 6.122e+02 5.680e+02 5.123e+02 4.547e+02 3.980e+02 3.446e+02 2.939e+02 2.489e+02 2.078e+02 1.730e+02 1.430e+02 1.171e+02 9.543e+01 7.751e+01 6.280e+01 5.085e+01 4.120e+01 3.315e+01 2.672e+01 2.148e+01 1.729e+01 1.390e+01 1.128e+01 9.077e+00 7.312e+00 5.865e+00 4.729e+00 3.798e+00 3.094e+00 2.477e+00 1.991e+00 1.607e+00 1.306e+00 1.053e+00 8.616e-01 6.988e-01 5.681e-01 4.623e-01 3.753e-01 3.078e-01 2.520e-01 2.074e-01
2015-11-17 00:00:00+00 7.097e+02 7.169e+02 7.049e+02 6.647e+02 6.121e+02 5.500e+02 4.830e+02 4.211e+02 3.620e+02 3.071e+02 2.592e+02 2.163e+02 1.791e+02 1.474e+02 1.202e+02 9.788e+01 7.944e+01 6.438e+01 5.196e+01 4.176e+01 3.382e+01 2.712e+01 2.174e+01 1.738e+01 1.400e+01 1.131e+01 9.155e+00 7.325e+00 5.908e+00 4.727e+00 3.797e+00 3.077e+00 2.476e+00 1.999e+00 1.606e+00 1.302e+00 1.055e+00 8.603e-01 6.960e-01 5.656e-01 4.602e-01 3.780e-01 3.056e-01 2.526e-01 2.056e-01
2015-12-14 00:00:00+00 7.642e+02 7.691e+02 7.435e+02 6.964e+02 6.364e+02 5.684e+02 4.982e+02 4.327e+02 3.700e+02 3.139e+02 2.637e+02 2.204e+02 1.825e+02 1.500e+02 1.218e+02 9.894e+01 8.026e+01 6.486e+01 5.240e+01 4.218e+01 3.384e+01 2.714e+01 2.178e+01 1.747e+01 1.403e+01 1.140e+01 9.113e+00 7.326e+00 5.873e+00 4.740e+00 3.817e+00 3.082e+00 2.483e+00 1.995e+00 1.611e+00 1.303e+00 1.060e+00 8.559e-01 6.966e-01 5.682e-01 4.603e-01 3.770e-01 3.069e-01 2.513e-01 2.065e-01
2016-01-10 00:00:00+00 8.292e+02 8.221e+02 7.922e+02 7.396e+02 6.745e+02 6.009e+02 5.251e+02 4.543e+02 3.886e+02 3.287e+02 2.752e+02 2.286e+02 1.897e+02 1.552e+02 1.264e+02 1.022e+02 8.240e+01 6.665e+01 5.363e+01 4.322e+01 3.464e+01 2.771e+01 2.229e+01 1.775e+01 1.423e+01 1.153e+01 9.262e+00 7.448e+00 5.974e+00 4.805e+00 3.871e+00 3.117e+00 2.502e+00 2.021e+00 1.635e+00 1.314e+00 1.067e+00 8.648e-01 7.016e-01 5.688e-01 4.664e-01 3.757e-01 3.120e-01 2.540e-01 2.078e-01
2016-02-06 00:00:00+00 8.662e+02 8.514e+02 8.164e+02 7.651e+02 6.926e+02 6.173e+02 5.387e+02 4.656e+02 3.981e+02 3.360e+02 2.809e+02 2.327e+02 1.928e+02 1.578e+02 1.280e+02 1.036e+02 8.370e+01 6.727e+01 5.418e+01 4.348e+01 3.483e+01 2.786e+01 2.239e+01 1.788e+01 1.430e+01 1.156e+01 9.302e+00 7.484e+00 5.986e+00 4.795e+00 3.861e+00 3.124e+00 2.504e+00 2.011e+00 1.615e+00 1.316e+00 1.055e+00 8.648e-01 6.978e-01 5.727e-01 4.628e-01 3.828e-01 3.087e-01 2.511e-01 2.064e-01
2016-03-04 00:00:00+00 8.852e+02 8.700e+02 8.395e+02 7.761e+02 7.059e+02 6.259e+02 5.453e+02 4.701e+02 4.015e+02 3.375e+02 2.828e+02 2.345e+02 1.933e+02 1.581e+02 1.281e+02 1.037e+02 8.361e+01 6.711e+01 5.402e+01 4.341e+01 3.478e+01 2.785e+01 2.230e+01 1.779e+01 1.432e+01 1.153e+01 9.271e+00 7.428e+00 5.965e+00 4.781e+00 3.853e+00 3.103e+00 2.498e+00 2.001e+00 1.615e+00 1.312e+00 1.059e+00 8.679e-01 7.023e-01 5.726e-01 4.657e-01 3.807e-01 3.059e-01 2.523e-01 2.054e-01
2016-03-31 00:00:00+00 8.902e+02 8.731e+02 8.427e+02 7.815e+02 7.098e+02 6.301e+02 5.481e+02 4.726e+02 4.021e+02 3.389e+02 2.828e+02 2.344e+02 1.935e+02 1.579e+02 1.283e+02 1.033e+02 8.344e+01 6.726e+01 5.411e+01 4.338e+01 3.475e+01 2.777e+01 2.225e+01 1.773e+01 1.423e+01 1.147e+01 9.225e+00 7.402e+00 5.935e+00 4.755e+00 3.837e+00 3.103e+00 2.498e+00 2.002e+00 1.613e+00 1.303e+00 1.058e+00 8.622e-01 7.000e-01 5.729e-01 4.641e-01 3.811e-01 3.101e-01 2.527e-01 2.053e-01
2016-04-27 00:00:00+00 9.199e+02 9.108e+02 8.635e+02 8.001e+02 7.255e+02 6.410e+02 5.585e+02 4.793e+02 4.076e+02 3.424e+02 2.864e+02 2.366e+02 1.948e+02 1.587e+02 1.291e+02 1.040e+02 8.391e+01 6.749e+01 5.413e+01 4.340e+01 3.493e+01 2.782e+01 2.234e+01 1.783e+01 1.428e+01 1.157e+01 9.254e+00 7.426e+00 5.982e+00 4.785e+00 3.877e+00 3.112e+00 2.511e+00 2.013e+00 1.627e+00 1.315e+00 1.072e+00 8.717e-01 7.055e-01 5.740e-01 4.660e-01 3.794e-01 3.083e-01 2.536e-01 2.055e-01
2016-05-24 00:00:00+00 9.728e+02 9.530e+02 9.122e+02 8.358e+02 7.591e+02 6.683e+02 5.792e+02 4.944e+02 4.196e+02 3.530e+02 2.939e+02 2.422e+02 1.988e+02 1.620e+02 1.312e+02 1.055e+02 8.528e+01 6.824e+01 5.498e+01 4.394e+01 3.521e+01 2.821e+01 2.250e+01 1.797e+01 1.437e+01 1.161e+01 9.335e+00 7.470e+00 6.015e+00 4.825e+00 3.875e+00 3.126e+00 2.505e+00 2.013e+00 1.636e+00 1.314e+00 1.065e+00 8.617e-01 6.977e-01 5.732e-01 4.640e-01 3.819e-01 3.096e-01 2.528e-01 2.056e-01
2016-06-20 00:00:00+00 9.696e+02 9.445e+02 9.020e+02 8.336e+02 7.509e+02 6.622e+02 5.729e+02 4.904e+02 4.146e+02 3.479e+02 2.894e+02 2.389e+02 1.963e+02 1.602e+02 1.300e+02 1.049e+02 8.432e+01 6.793e+01 5.448e+01 4.370e+01 3.511e+01 2.803e+01 2.236e+01 1.790e+01 1.441e+01 1.159e+01 9.278e+00 7.445e+00 5.972e+00 4.804e+00 3.860e+00 3.113e+00 2.497e+00 2.009e+00 1.617e+00 1.317e+00 1.060e+00 8.613e-01 7.050e-01 5.706e-01 4.639e-01 3.777e-01 3.125e-01 2.541e-01 2.047e-01
2016-07-17 00:00:00+00 9.648e+02 9.524e+02 9.025e+02 8.362e+02 7.535e+02 6.615e+02 5.755e+02 4.925e+02 4.179e+02 3.494e+02 2.902e+02 2.402e+02 1.973e+02 1.610e+02 1.302e+02 1.051e+02 8.463e+01 6.818e+01 5.468e+01 4.383e+01 3.503e+01 2.802e+01 2.245e+01 1.792e+01 1.436e+01 1.162e+01 9.345e+00 7.455e+00 5.975e+00 4.829e+00 3.861e+00 3.121e+00 2.521e+00 2.003e+00 1.627e+00 1.310e+00 1.068e+00 8.620e-01 7.022e-01 5.717e-01 4.620e-01 3.777e-01 3.104e-01 2.524e-01 2.074e-01
2016-08-13 00:00:00+00 9.970e+02 9.762e+02 9.302e+02 8.613e+02 7.739e+02 6.820e+02 5.890e+02 5.027e+02 4.248e+02 3.555e+02 2.953e+02 2.431e+02 1.997e+02 1.628e+02 1.315e+02 1.062e+02 8.517e+01 6.845e+01 5.515e+01 4.414e+01 3.524e+01 2.819e+01 2.253e+01 1.800e+01 1.445e+01 1.163e+01 9.314e+00 7.498e+00 6.031e+00 4.812e+00 3.873e+00 3.132e+00 2.516e+00 2.017e+00 1.630e+00 1.319e+00 1.067e+00 8.679e-01 7.070e-01 5.719e-01 4.648e-01 3.811e-01 3.091e-01 2.531e-01 2.061e-01
2016-09-09 00:00:00+00 1.052e+03 1.026e+03 9.700e+02 8.910e+02 7.997e+02 6.989e+02 6.023e+02 5.132e+02 4.332e+02 3.629e+02 3.002e+02 2.469e+02 2.023e+02 1.647e+02 1.327e+02 1.070e+02 8.544e+01 6.872e+01 5.525e+01 4.422e+01 3.545e+01 2.830e+01 2.257e+01 1.800e+01 1.447e+01 1.165e+01 9.338e+00 7.509e+00 6.019e+00 4.819e+00 3.895e+00 3.132e+00 2.518e+00 2.017e+00 1.625e+00 1.320e+00 1.070e+00 8.643e-01 7.091e-01 5.732e-01 4.633e-01 3.786e-01 3.070e-01 2.519e-01 2.078e-01
2016-10-06 00:00:00+00 1.131e+03 1.090e+03 1.024e+03 9.346e+02 8.340e+02 7.251e+02 6.225e+02 5.298e+02 4.434e+02 3.699e+02 3.051e+02 2.501e+02 2.047e+02 1.667e+02 1.344e+02 1.080e+02 8.648e+01 6.943e+01 5.569e+01 4.468e+01 3.565e+01 2.847e+01 2.275e+01 1.807e+01 1.452e+01 1.170e+01 9.401e+00 7.517e+00 6.024e+00 4.847e+00 3.887e+00 3.139e+00 2.522e+00 2.038e+00 1.632e+00 1.321e+00 1.070e+00 8.711e-01 7.074e-01 5.739e-01 4.657e-01 3.830e-01 3.085e-01 2.532e-01 2.077e-01
2016-11-02 00:00:00+00 1.186e+03 1.144e+03 1.075e+03 9.769e+02 8.641e+02 7.518e+02 6.428e+02 5.442e+02 4.540e+02 3.772e+02 3.120e+02 2.552e+02 2.081e+02 1.688e+02 1.362e+02 1.090e+02 8.751e+01 7.010e+01 5.597e+01 4.489e+01 3.583e+01 2.865e+01 2.284e+01 1.821e+01 1.457e+01 1.180e+01 9.438e+00 7.568e+00 6.047e+00 4.842e+00 3.900e+00 3.151e+00 2.527e+00 2.024e+00 1.639e+00 1.317e+00 1.072e+00 8.723e-01 7.091e-01 5.713e-01 4.644e-01 3.800e-01 3.091e-01 2.541e-01 2.079e-01
2016-11-29 00:00:00+00 1.233e+03 1.180e+03 1.104e+03 9.950e+02 8.779e+02 7.610e+02 6.490e+02 5.481e+02 4.586e+02 3.791e+02 3.135e+02 2.560e+02 2.093e+02 1.693e+02 1.365e+02 1.093e+02 8.779e+01 7.061e+01 5.629e+01 4.501e+01 3.597e+01 2.878e+01 2.298e+01 1.833e+01 1.465e+01 1.179e+01 9.480e+00 7.570e+00 6.084e+00 4.850e+00 3.900e+00 3.148e+00 2.533e+00 2.031e+00 1.639e+00 1.322e+00 1.066e+00 8.694e-01 7.050e-01 5.718e-01 4.664e-01 3.822e-01 3.107e-01 2.540e-01 2.074e-01
2016-12-26 00:00:00+00 1.265e+03 1.198e+03 1.122e+03 1.012e+03 8.914e+02 7.695e+02 6.573e+02 5.525e+02 4.609e+02 3.822e+02 3.150e+02 2.577e+02 2.102e+02 1.702e+02 1.372e+02 1.101e+02 8.835e+01 7.063e+01 5.671e+01 4.517e+01 3.612e+01 2.880e+01 2.306e+01 1.830e+01 1.463e+01 1.182e+01 9.503e+00 7.605e+00 6.110e+00 4.866e+00 3.924e+00 3.152e+00 2.540e+00 2.031e+00 1.649e+00 1.328e+00 1.073e+00 8.760e-01 7.080e-01 5.773e-01 4.684e-01 3.815e-01 3.129e-01 2.540e-01 2.079e-01
2017-01-22 00:00:00+00 1.300e+03 1.238e+03 1.144e+03 1.033e+03 9.085e+02 7.843e+02 6.653e+02 5.594e+02 4.663e+02 3.859e+02 3.182e+02 2.594e+02 2.119e+02 1.717e+02 1.376e+02 1.107e+02 8.864e+01 7.094e+01 5.693e+01 4.545e+01 3.624e+01 2.893e+01 2.311e+01 1.835e+01 1.472e+01 1.184e+01 9.509e+00 7.604e+00 6.072e+00 4.901e+00 3.913e+00 3.162e+00 2.534e+00 2.041e+00 1.641e+00 1.322e+00 1.073e+00 8.699e-01 7.045e-01 5.753e-01 4.681e-01 3.807e-01 3.126e-01 2.537e-01 2.077e-01
2017-02-18 00:00:00+00 1.334e+03 1.266e+03 1.166e+03 1.048e+03 9.167e+02 7.933e+02 6.713e+02 5.654e+02 4.685e+02 3.880e+02 3.194e+02 2.607e+02 2.118e+02 1.717e+02 1.383e+02 1.110e+02 8.887e+01 7.102e+01 5.708e+01 4.547e+01 3.634e+01 2.898e+01 2.319e+01 1.840e+01 1.474e+01 1.184e+01 9.514e+00 7.625e+00 6.124e+00 4.876e+00 3.929e+00 3.157e+00 2.538e+00 2.030e+00 1.636e+00 1.312e+00 1.068e+00 8.675e-01 7.075e-01 5.726e-01 4.681e-01 3.797e-01 3.107e-01 2.532e-01 2.057e-01
2017-03-17 00:00:00+00 1.339e+03 1.266e+03 1.170e+03 1.042e+03 9.150e+02 7.838e+02 6.636e+02 5.588e+02 4.649e+02 3.852e+02 3.162e+02 2.587e+02 2.096e+02 1.704e+02 1.372e+02 1.097e+02 8.793e+01 7.049e+01 5.664e+01 4.524e+01 3.619e+01 2.887e+01 2.301e+01 1.839e+01 1.470e+01 1.181e+01 9.491e+00 7.579e+00 6.088e+00 4.887e+00 3.933e+00 3.150e+00 2.536e+00 2.034e+00 1.644e+00 1.327e+00 1.074e+00 8.708e-01 7.064e-01 5.742e-01 4.670e-01 3.806e-01 3.114e-01 2.540e-01 2.079e-01
2017-04-13 00:00:00+00 1.337e+03 1.259e+03 1.160e+03 1.043e+03 9.102e+02 7.823e+02 6.603e+02 5.521e+02 4.620e+02 3.793e+02 3.122e+02 2.555e+02 2.076e+02 1.684e+02 1.356e+02 1.083e+02 8.697e+01 6.997e+01 5.596e+01 4.478e+01 3.582e+01 2.856e+01 2.284e+01 1.818e+01 1.456e+01 1.175e+01 9.429e+00 7.561e+00 6.058e+00 4.884e+00 3.905e+00 3.147e+00 2.524e+00 2.029e+00 1.645e+00 1.322e+00 1.074e+00 8.782e-01 7.113e-01 5.723e-01 4.668e-01 3.813e-01 3.120e-01 2.542e-01 2.097e-01